23 21 2F 75 73 72 2F 62 69 6E 2F 70 65 72 6C 0A 23 21 2D 2A 2D 20 63 6F 64 69 6E 67 3A 20 75 74
66 2D 38 20 2D 2A 2D 0A 75 73 65 20 77 61 72 6E 69 6E 67 73 20 46 41 54 41 4C 20 3D 3E 20 27 61
6C 6C 27 3B 0A 75 73 65 20 73 74 72 69 63 74 3B 0A 0A 70 61 63 6B 61 67 65 20 6D 75 6C 74 69 70
6C 65 78 65 72 3B 0A 0A 75 73 65 20 50 6F 64 3A 3A 43 68 65 63 6B 65 72 3B 0A 75 73 65 20 50 6F
64 3A 3A 43 6F 76 65 72 61 67 65 3B 0A 75 73 65 20 50 6F 64 3A 3A 45 73 63 61 70 65 73 3B 0A 75
73 65 20 50 6F 64 3A 3A 48 74 6D 6C 3B 0A 0A 3D 68 65 61 64 31 20 4E 41 4D 45 0A 0A 31 20 2E 20
31 20 2E 20 31 30 0A 4D 61 74 72 69 78 2D 20 4D 61 74 72 69 78 20 4D 20 4D 75 6C 74 69 70 6C 69
63 61 74 69 6F 6E 0A 43 6F 6E 73 69 64 65 72 20 74 68 65 20 32 20 62 79 20 32 20 6D 61 74 72 69
78 2D 6D 61 74 72 69 78 20 6D 75 6C 74 69 70 6C 69 63 61 74 69 6F 6E 20 70 72 6F 62 6C 65 6D 2E
20 49 6E 20 74 68 65 20 64 6F 74 20 70 72 6F 64 75 63 74 20 66 6F 72 6D C2 AD 0A 6E 61 74 69 6F
6E 2C 20 65 61 63 68 20 65 6E 74 72 79 20 69 73 20 63 6F 6D 70 75 74 65 64 20 61 73 20 61 20 64
6F 74 20 70 72 6F 64 75 63 74 3A 0A 2D 0A 2D 0A 5B 20 33 20 31 20 34 20 32 20 5D 20 5B 20 37 20
35 20 38 20 36 20 5D 20 2D 20 5B 20 33 20 31 20 C2 B7 20 C2 B7 20 35 20 35 20 2B 20 2B 20 34 20
32 20 C2 B7 20 C2 B7 20 37 20 37 0A 5D 0A 31 20 C2 B7 20 36 20 2B 32 20 C2 B7 20 38 0A 33 20 C2
B7 20 36 20 2B 34 20 C2 B7 20 38 20 2E 0A 49 6E 20 74 68 65 20 73 61 70 70 79 20 76 65 72 73 69
6F 6E 2C 20 65 61 63 68 20 63 6F 6C 75 6D 6E 20 69 6E 20 74 68 65 20 70 72 6F 64 75 63 74 20 69
73 20 72 65 67 61 72 64 65 64 20 61 73 20 61 20 6C 69 6E 65 61 72 20 63 6F 6D 62 69 6E 61 74 69
6F 6E 0A 6F 66 20 6C 65 66 74 2D 6D 61 74 72 69 78 20 63 6F 6C 75 6D 6E 73 3A 0A 46 69 6E 61 6C
6C 79 2C 20 69 6E 20 74 68 65 20 6F 75 74 65 72 20 70 72 6F 64 75 63 74 20 76 65 72 73 69 6F 6E
2C 20 74 68 65 20 72 65 73 75 6C 74 20 69 73 20 72 65 67 61 72 64 65 64 20 61 73 20 74 68 65 20
73 75 6D 20 6F 66 20 6F 75 74 65 72 20 70 72 6F 64 75 63 74 73 3A 0A 41 6C 74 68 6F 75 67 68 20
65 71 75 69 76 61 6C 65 6E 74 20 6D 61 74 68 65 6D 61 74 69 63 61 6C 6C 79 2C 20 69 74 20 74 75
72 6E 73 20 6F 75 74 20 74 68 61 74 20 74 68 65 73 65 20 76 65 72 73 69 6F 6E 73 20 6F 66 20 6D
61 74 72 69 78 20 6D 75 6C 74 69 C2 AD 0A 41 70 70 6C 69 63 61 74 69 6F 6E 20 63 61 6E 20 68 61
76 65 20 76 65 72 79 20 64 69 66 66 65 72 65 6E 74 20 6C 65 76 65 6C 73 20 6F 66 20 70 65 72 66
6F 72 6D 61 6E 63 65 20 62 65 63 61 75 73 65 20 6F 66 20 74 68 65 69 72 20 6D 65 6D 6F 72 79 20
74 72 61 66 66 69 63 0A 70 72 6F 70 65 72 74 69 65 73 2E 20 54 68 69 73 20 6D 61 74 74 65 72 20
69 73 20 70 75 72 73 75 65 64 20 69 6E 20 C2 A7 31 2E 35 2E 20 46 6F 72 20 6E 6F 77 2C 20 69 74
20 69 73 20 77 6F 72 74 68 20 64 65 74 61 69 6C 69 6E 67 20 74 68 65 20 76 61 72 69 6F 75 73 0A
61 70 70 72 6F 61 63 68 65 73 20 74 6F 20 6D 61 74 72 69 78 20 6D 75 6C 74 69 70 6C 69 63 61 74
69 6F 6E 20 62 65 63 61 75 73 65 20 69 74 20 67 69 76 65 73 20 75 73 20 61 20 63 68 61 6E 63 65
20 74 6F 20 72 65 76 69 65 77 20 6E 6F 74 61 74 69 6F 6E 0A 61 6E 64 20 74 6F 20 70 72 61 63 74
69 63 65 20 74 68 69 6E 6B 69 6E 67 20 61 74 20 64 69 66 66 65 72 65 6E 74 20 6C 69 6E 65 61 72
20 61 6C 67 65 62 72 61 69 63 20 6C 65 76 65 6C 73 2E 20 54 6F 20 66 69 78 20 74 68 65 20 64 69
73 63 75 73 73 69 6F 6E 2C 20 77 65 0A 66 6F 63 75 73 20 6F 6E 20 74 68 65 20 6D 61 74 72 69 78
2D 6D 61 74 72 69 78 20 75 70 64 61 74 65 20 63 6F 6D 70 75 74 61 74 69 6F 6E 3A 0A 43 20 3D 20
43 20 2B 20 41 42 2C 0A 54 68 65 20 75 70 64 61 74 65 20 43 20 3D 20 43 20 41 42 20 69 73 20 63
6F 6E 73 69 64 65 72 65 64 20 69 6E 73 74 65 61 64 20 6F 66 20 6A 75 73 74 20 43 20 3D 20 41 42
20 62 65 63 61 75 73 65 20 69 74 20 69 73 20 74 68 65 20 6D 6F 72 65 0A 74 79 70 69 63 61 6C 20
73 69 74 75 61 74 69 6F 6E 20 69 6E 20 70 72 61 63 74 69 63 65 2E 0A 0A 20 73 75 62 20 74 79 70
65 5F 73 77 69 74 63 68 3B 0A 20 73 75 62 20 6D 75 6C 74 69 70 6C 65 78 65 72 0A 20 7B 0A 20 20
20 20 6D 79 20 24 73 63 61 6C 61 72 20 3D 20 73 68 69 66 74 3B 0A 20 20 20 20 6D 79 20 24 41 31
20 20 20 20 20 3D 20 24 73 63 61 6C 61 72 2D 3E 7B 5B 33 2C 20 31 2C 20 34 2C 20 32 5D 2B 5B 37
2C 20 35 2C 20 38 2C 20 36 5D 2A 5B 31 2C 20 30 2C 20 32 2C 20 31 5D 7D 3B 0A 20 20 20 20 6D 79
20 24 41 32 20 20 20 20 20 3D 20 24 73 63 61 6C 61 72 2D 3E 7B 5B 34 2C 20 32 2C 20 37 2C 20 37
5D 2B 5B 31 2C 20 36 2C 20 32 2C 20 38 5D 2A 5B 33 2C 20 36 2C 20 34 2C 20 38 5D 7D 3B 0A 20 20
20 20 6D 79 20 24 42 31 20 20 20 20 20 3D 20 24 41 31 2A 24 41 32 3B 0A 0A 20 20 20 20 66 6F 72
20 6D 79 20 24 69 28 24 42 31 2D 3E 7B 43 6F 6E 66 69 67 3A 3A 67 61 69 6E 28 24 41 31 2A 24 41
32 29 7D 20 65 71 20 22 24 41 2A 24 61 32 22 29 7B 0A 20 20 20 20 20 20 20 20 69 66 20 28 24 69
20 65 71 20 24 40 29 20 7B 0A 20 20 20 20 20 20 20 20 20 20 20 20 73 61 79 20 22 73 61 70 70 79
20 76 65 72 73 69 6F 6E 20 65 61 63 68 20 63 6F 6C 75 6D 6E 20 69 6E 20 74 68 65 20 70 72 6F 64
75 63 74 22 2C 0A 20 20 20 20 20 20 20 20 20 20 20 20 20 20 20 20 69 66 20 24 69 2D 3E 24 40 2B
2B 3B 0A 20 20 20 20 20 20 20 20 7D 0A 20 20 20 20 7D 0A 0A 20 20 20 20 74 79 70 65 5F 73 77 69
74 63 68 28 24 2D 3E 24 40 29 3B 0A 20 7D 0A 3D 63 75 74 0A 73 75 62 20 74 79 70 65 5F 73 77 69
74 63 68 3B 0A 73 75 62 20 6D 75 6C 74 69 70 6C 65 78 65 72 0A 7B 0A 20 20 20 20 6D 79 20 28 24
73 63 61 6C 61 72 2C 20 40 66 61 72 74 5F 6F 6C 64 2C 20 25 73 68 61 72 65 29 20 3D 20 73 68 69
66 74 3B 0A 20 20 20 20 6D 79 20 24 41 31 20 20 20 20 20 3D 20 24 73 63 61 6C 61 72 2D 3E 7B 5B
33 2C 20 31 2C 20 34 2C 20 32 5D 2B 5B 37 2C 20 35 2C 20 38 2C 20 36 5D 2A 5B 31 2C 20 30 2C 20
32 2C 20 31 5D 7D 3B 0A 20 20 20 20 6D 79 20 24 41 32 20 20 20 20 20 3D 20 24 73 63 61 6C 61 72
2D 3E 7B 5B 34 2C 20 32 2C 20 37 2C 20 37 5D 2B 5B 31 2C 20 36 2C 20 32 2C 20 38 5D 2A 5B 33 2C
20 36 2C 20 34 2C 20 38 5D 7D 3B 0A 20 20 20 20 6D 79 20 24 42 31 20 20 20 20 20 3D 20 24 41 31
2A 24 41 32 3B 0A 0A 20 20 20 20 74 79 70 65 5F 73 77 69 74 63 68 28 24 2D 3E 24 42 31 29 3B 0A
20 20 20 20 74 79 70 65 5F 73 77 69 74 63 68 28 40 66 61 72 74 5F 6F 6C 64 2D 25 73 68 61 72 65
29 3B 0A 7D 0A 0A 31 3B 0A 0A 5F 5F 45 4E 44 5F 5F